service_id,date,exception_type
1,20260406,2
1,20260525,2
1,20261019,2
2,20260217,2
2,20260407,2
3,20260217,2
3,20260406,2
3,20260407,2
3,20260525,2
3,20261019,2
4,20260218,2
4,20260701,2
5,20260218,2
5,20260406,2
5,20260525,2
5,20260701,2
5,20261019,2
6,20260217,2
6,20260218,2
6,20260407,2
6,20260701,2
7,20260217,2
7,20260218,2
7,20260406,2
7,20260407,2
7,20260525,2
7,20260701,2
7,20261019,2
8,20260101,2
8,20260219,2
8,20261001,2
9,20260101,2
9,20260219,2
9,20260406,2
9,20260525,2
9,20261001,2
9,20261019,2
10,20260101,2
10,20260217,2
10,20260219,2
10,20260407,2
10,20261001,2
11,20260101,2
11,20260217,2
11,20260219,2
11,20260406,2
11,20260407,2
11,20260525,2
11,20261001,2
11,20261019,2
12,20260101,2
12,20260218,2
12,20260219,2
12,20260701,2
12,20261001,2
13,20260101,2
13,20260218,2
13,20260219,2
13,20260406,2
13,20260525,2
13,20260701,2
13,20261001,2
13,20261019,2
14,20260101,2
14,20260217,2
14,20260218,2
14,20260219,2
14,20260407,2
14,20260701,2
14,20261001,2
15,20260101,2
15,20260217,2
15,20260218,2
15,20260219,2
15,20260406,2
15,20260407,2
15,20260525,2
15,20260701,2
15,20261001,2
15,20261019,2
16,20260403,2
16,20260501,2
16,20260619,2
16,20261225,2
17,20260403,2
17,20260406,2
17,20260501,2
17,20260525,2
17,20260619,2
17,20261019,2
17,20261225,2
18,20260217,2
18,20260403,2
18,20260407,2
18,20260501,2
18,20260619,2
18,20261225,2
19,20260217,2
19,20260403,2
19,20260406,2
19,20260407,2
19,20260501,2
19,20260525,2
19,20260619,2
19,20261019,2
19,20261225,2
20,20260218,2
20,20260403,2
20,20260501,2
20,20260619,2
20,20260701,2
20,20261225,2
21,20260218,2
21,20260403,2
21,20260406,2
21,20260501,2
21,20260525,2
21,20260619,2
21,20260701,2
21,20261019,2
21,20261225,2
22,20260217,2
22,20260218,2
22,20260403,2
22,20260407,2
22,20260501,2
22,20260619,2
22,20260701,2
22,20261225,2
23,20260217,2
23,20260218,2
23,20260403,2
23,20260406,2
23,20260407,2
23,20260501,2
23,20260525,2
23,20260619,2
23,20260701,2
23,20261019,2
23,20261225,2
24,20260101,2
24,20260219,2
24,20260403,2
24,20260501,2
24,20260619,2
24,20261001,2
24,20261225,2
25,20260101,2
25,20260219,2
25,20260403,2
25,20260406,2
25,20260501,2
25,20260525,2
25,20260619,2
25,20261001,2
25,20261019,2
25,20261225,2
26,20260101,2
26,20260217,2
26,20260219,2
26,20260403,2
26,20260407,2
26,20260501,2
26,20260619,2
26,20261001,2
26,20261225,2
27,20260101,2
27,20260217,2
27,20260219,2
27,20260403,2
27,20260406,2
27,20260407,2
27,20260501,2
27,20260525,2
27,20260619,2
27,20261001,2
27,20261019,2
27,20261225,2
28,20260101,2
28,20260218,2
28,20260219,2
28,20260403,2
28,20260501,2
28,20260619,2
28,20260701,2
28,20261001,2
28,20261225,2
29,20260101,2
29,20260218,2
29,20260219,2
29,20260403,2
29,20260406,2
29,20260501,2
29,20260525,2
29,20260619,2
29,20260701,2
29,20261001,2
29,20261019,2
29,20261225,2
30,20260101,2
30,20260217,2
30,20260218,2
30,20260219,2
30,20260403,2
30,20260407,2
30,20260501,2
30,20260619,2
30,20260701,2
30,20261001,2
30,20261225,2
31,20260101,2
31,20260217,2
31,20260218,2
31,20260219,2
31,20260403,2
31,20260406,2
31,20260407,2
31,20260501,2
31,20260525,2
31,20260619,2
31,20260701,2
31,20261001,2
31,20261019,2
31,20261225,2
32,20260404,2
32,20260926,2
32,20261226,2
33,20260404,2
33,20260406,2
33,20260525,2
33,20260926,2
33,20261019,2
33,20261226,2
34,20260217,2
34,20260404,2
34,20260407,2
34,20260926,2
34,20261226,2
35,20260217,2
35,20260404,2
35,20260406,2
35,20260407,2
35,20260525,2
35,20260926,2
35,20261019,2
35,20261226,2
36,20260218,2
36,20260404,2
36,20260701,2
36,20260926,2
36,20261226,2
37,20260218,2
37,20260404,2
37,20260406,2
37,20260525,2
37,20260701,2
37,20260926,2
37,20261019,2
37,20261226,2
38,20260217,2
38,20260218,2
38,20260404,2
38,20260407,2
38,20260701,2
38,20260926,2
38,20261226,2
39,20260217,2
39,20260218,2
39,20260404,2
39,20260406,2
39,20260407,2
39,20260525,2
39,20260701,2
39,20260926,2
39,20261019,2
39,20261226,2
40,20260101,2
40,20260219,2
40,20260404,2
40,20260926,2
40,20261001,2
40,20261226,2
41,20260101,2
41,20260219,2
41,20260404,2
41,20260406,2
41,20260525,2
41,20260926,2
41,20261001,2
41,20261019,2
41,20261226,2
42,20260101,2
42,20260217,2
42,20260219,2
42,20260404,2
42,20260407,2
42,20260926,2
42,20261001,2
42,20261226,2
43,20260101,2
43,20260217,2
43,20260219,2
43,20260404,2
43,20260406,2
43,20260407,2
43,20260525,2
43,20260926,2
43,20261001,2
43,20261019,2
43,20261226,2
44,20260101,2
44,20260218,2
44,20260219,2
44,20260404,2
44,20260701,2
44,20260926,2
44,20261001,2
44,20261226,2
45,20260101,2
45,20260218,2
45,20260219,2
45,20260404,2
45,20260406,2
45,20260525,2
45,20260701,2
45,20260926,2
45,20261001,2
45,20261019,2
45,20261226,2
46,20260101,2
46,20260217,2
46,20260218,2
46,20260219,2
46,20260404,2
46,20260407,2
46,20260701,2
46,20260926,2
46,20261001,2
46,20261226,2
47,20260101,2
47,20260217,2
47,20260218,2
47,20260219,2
47,20260404,2
47,20260406,2
47,20260407,2
47,20260525,2
47,20260701,2
47,20260926,2
47,20261001,2
47,20261019,2
47,20261226,2
48,20260403,2
48,20260404,2
48,20260501,2
48,20260619,2
48,20260926,2
48,20261225,2
48,20261226,2
49,20260403,2
49,20260404,2
49,20260406,2
49,20260501,2
49,20260525,2
49,20260619,2
49,20260926,2
49,20261019,2
49,20261225,2
49,20261226,2
50,20260217,2
50,20260403,2
50,20260404,2
50,20260407,2
50,20260501,2
50,20260619,2
50,20260926,2
50,20261225,2
50,20261226,2
51,20260217,2
51,20260403,2
51,20260404,2
51,20260406,2
51,20260407,2
51,20260501,2
51,20260525,2
51,20260619,2
51,20260926,2
51,20261019,2
51,20261225,2
51,20261226,2
52,20260218,2
52,20260403,2
52,20260404,2
52,20260501,2
52,20260619,2
52,20260701,2
52,20260926,2
52,20261225,2
52,20261226,2
53,20260218,2
53,20260403,2
53,20260404,2
53,20260406,2
53,20260501,2
53,20260525,2
53,20260619,2
53,20260701,2
53,20260926,2
53,20261019,2
53,20261225,2
53,20261226,2
54,20260217,2
54,20260218,2
54,20260403,2
54,20260404,2
54,20260407,2
54,20260501,2
54,20260619,2
54,20260701,2
54,20260926,2
54,20261225,2
54,20261226,2
55,20260217,2
55,20260218,2
55,20260403,2
55,20260404,2
55,20260406,2
55,20260407,2
55,20260501,2
55,20260525,2
55,20260619,2
55,20260701,2
55,20260926,2
55,20261019,2
55,20261225,2
55,20261226,2
56,20260101,2
56,20260219,2
56,20260403,2
56,20260404,2
56,20260501,2
56,20260619,2
56,20260926,2
56,20261001,2
56,20261225,2
56,20261226,2
57,20260101,2
57,20260219,2
57,20260403,2
57,20260404,2
57,20260406,2
57,20260501,2
57,20260525,2
57,20260619,2
57,20260926,2
57,20261001,2
57,20261019,2
57,20261225,2
57,20261226,2
58,20260101,2
58,20260217,2
58,20260219,2
58,20260403,2
58,20260404,2
58,20260407,2
58,20260501,2
58,20260619,2
58,20260926,2
58,20261001,2
58,20261225,2
58,20261226,2
59,20260101,2
59,20260217,2
59,20260219,2
59,20260403,2
59,20260404,2
59,20260406,2
59,20260407,2
59,20260501,2
59,20260525,2
59,20260619,2
59,20260926,2
59,20261001,2
59,20261019,2
59,20261225,2
59,20261226,2
60,20260101,2
60,20260218,2
60,20260219,2
60,20260403,2
60,20260404,2
60,20260501,2
60,20260619,2
60,20260701,2
60,20260926,2
60,20261001,2
60,20261225,2
60,20261226,2
61,20260101,2
61,20260218,2
61,20260219,2
61,20260403,2
61,20260404,2
61,20260406,2
61,20260501,2
61,20260525,2
61,20260619,2
61,20260701,2
61,20260926,2
61,20261001,2
61,20261019,2
61,20261225,2
61,20261226,2
62,20260101,2
62,20260217,2
62,20260218,2
62,20260219,2
62,20260403,2
62,20260404,2
62,20260407,2
62,20260501,2
62,20260619,2
62,20260701,2
62,20260926,2
62,20261001,2
62,20261225,2
62,20261226,2
63,20260101,2
63,20260217,2
63,20260218,2
63,20260219,2
63,20260403,2
63,20260404,2
63,20260406,2
63,20260407,2
63,20260501,2
63,20260525,2
63,20260619,2
63,20260701,2
63,20260926,2
63,20261001,2
63,20261019,2
63,20261225,2
63,20261226,2
65,20260406,2
65,20260525,2
65,20261019,2
66,20260217,2
66,20260407,2
67,20260217,2
67,20260406,2
67,20260407,2
67,20260525,2
67,20261019,2
68,20260218,2
68,20260701,2
69,20260218,2
69,20260406,2
69,20260525,2
69,20260701,2
69,20261019,2
70,20260217,2
70,20260218,2
70,20260407,2
70,20260701,2
71,20260217,2
71,20260218,2
71,20260406,2
71,20260407,2
71,20260525,2
71,20260701,2
71,20261019,2
72,20260101,2
72,20260219,2
72,20261001,2
73,20260101,2
73,20260219,2
73,20260406,2
73,20260525,2
73,20261001,2
73,20261019,2
74,20260101,2
74,20260217,2
74,20260219,2
74,20260407,2
74,20261001,2
75,20260101,2
75,20260217,2
75,20260219,2
75,20260406,2
75,20260407,2
75,20260525,2
75,20261001,2
75,20261019,2
76,20260101,2
76,20260218,2
76,20260219,2
76,20260701,2
76,20261001,2
77,20260101,2
77,20260218,2
77,20260219,2
77,20260406,2
77,20260525,2
77,20260701,2
77,20261001,2
77,20261019,2
78,20260101,2
78,20260217,2
78,20260218,2
78,20260219,2
78,20260407,2
78,20260701,2
78,20261001,2
79,20260101,2
79,20260217,2
79,20260218,2
79,20260219,2
79,20260406,2
79,20260407,2
79,20260525,2
79,20260701,2
79,20261001,2
79,20261019,2
80,20260403,2
80,20260501,2
80,20260619,2
80,20261225,2
81,20260403,2
81,20260406,2
81,20260501,2
81,20260525,2
81,20260619,2
81,20261019,2
81,20261225,2
82,20260217,2
82,20260403,2
82,20260407,2
82,20260501,2
82,20260619,2
82,20261225,2
83,20260217,2
83,20260403,2
83,20260406,2
83,20260407,2
83,20260501,2
83,20260525,2
83,20260619,2
83,20261019,2
83,20261225,2
84,20260218,2
84,20260403,2
84,20260501,2
84,20260619,2
84,20260701,2
84,20261225,2
85,20260218,2
85,20260403,2
85,20260406,2
85,20260501,2
85,20260525,2
85,20260619,2
85,20260701,2
85,20261019,2
85,20261225,2
86,20260217,2
86,20260218,2
86,20260403,2
86,20260407,2
86,20260501,2
86,20260619,2
86,20260701,2
86,20261225,2
87,20260217,2
87,20260218,2
87,20260403,2
87,20260406,2
87,20260407,2
87,20260501,2
87,20260525,2
87,20260619,2
87,20260701,2
87,20261019,2
87,20261225,2
88,20260101,2
88,20260219,2
88,20260403,2
88,20260501,2
88,20260619,2
88,20261001,2
88,20261225,2
89,20260101,2
89,20260219,2
89,20260403,2
89,20260406,2
89,20260501,2
89,20260525,2
89,20260619,2
89,20261001,2
89,20261019,2
89,20261225,2
90,20260101,2
90,20260217,2
90,20260219,2
90,20260403,2
90,20260407,2
90,20260501,2
90,20260619,2
90,20261001,2
90,20261225,2
91,20260101,2
91,20260217,2
91,20260219,2
91,20260403,2
91,20260406,2
91,20260407,2
91,20260501,2
91,20260525,2
91,20260619,2
91,20261001,2
91,20261019,2
91,20261225,2
92,20260101,2
92,20260218,2
92,20260219,2
92,20260403,2
92,20260501,2
92,20260619,2
92,20260701,2
92,20261001,2
92,20261225,2
93,20260101,2
93,20260218,2
93,20260219,2
93,20260403,2
93,20260406,2
93,20260501,2
93,20260525,2
93,20260619,2
93,20260701,2
93,20261001,2
93,20261019,2
93,20261225,2
94,20260101,2
94,20260217,2
94,20260218,2
94,20260219,2
94,20260403,2
94,20260407,2
94,20260501,2
94,20260619,2
94,20260701,2
94,20261001,2
94,20261225,2
95,20260101,2
95,20260217,2
95,20260218,2
95,20260219,2
95,20260403,2
95,20260406,2
95,20260407,2
95,20260501,2
95,20260525,2
95,20260619,2
95,20260701,2
95,20261001,2
95,20261019,2
95,20261225,2
96,20260404,2
96,20260926,2
96,20261226,2
97,20260404,2
97,20260406,2
97,20260525,2
97,20260926,2
97,20261019,2
97,20261226,2
98,20260217,2
98,20260404,2
98,20260407,2
98,20260926,2
98,20261226,2
99,20260217,2
99,20260404,2
99,20260406,2
99,20260407,2
99,20260525,2
99,20260926,2
99,20261019,2
99,20261226,2
100,20260218,2
100,20260404,2
100,20260701,2
100,20260926,2
100,20261226,2
101,20260218,2
101,20260404,2
101,20260406,2
101,20260525,2
101,20260701,2
101,20260926,2
101,20261019,2
101,20261226,2
102,20260217,2
102,20260218,2
102,20260404,2
102,20260407,2
102,20260701,2
102,20260926,2
102,20261226,2
103,20260217,2
103,20260218,2
103,20260404,2
103,20260406,2
103,20260407,2
103,20260525,2
103,20260701,2
103,20260926,2
103,20261019,2
103,20261226,2
104,20260101,2
104,20260219,2
104,20260404,2
104,20260926,2
104,20261001,2
104,20261226,2
105,20260101,2
105,20260219,2
105,20260404,2
105,20260406,2
105,20260525,2
105,20260926,2
105,20261001,2
105,20261019,2
105,20261226,2
106,20260101,2
106,20260217,2
106,20260219,2
106,20260404,2
106,20260407,2
106,20260926,2
106,20261001,2
106,20261226,2
107,20260101,2
107,20260217,2
107,20260219,2
107,20260404,2
107,20260406,2
107,20260407,2
107,20260525,2
107,20260926,2
107,20261001,2
107,20261019,2
107,20261226,2
108,20260101,2
108,20260218,2
108,20260219,2
108,20260404,2
108,20260701,2
108,20260926,2
108,20261001,2
108,20261226,2
109,20260101,2
109,20260218,2
109,20260219,2
109,20260404,2
109,20260406,2
109,20260525,2
109,20260701,2
109,20260926,2
109,20261001,2
109,20261019,2
109,20261226,2
110,20260101,2
110,20260217,2
110,20260218,2
110,20260219,2
110,20260404,2
110,20260407,2
110,20260701,2
110,20260926,2
110,20261001,2
110,20261226,2
111,20260101,2
111,20260217,2
111,20260218,2
111,20260219,2
111,20260404,2
111,20260406,2
111,20260407,2
111,20260525,2
111,20260701,2
111,20260926,2
111,20261001,2
111,20261019,2
111,20261226,2
112,20260403,2
112,20260404,2
112,20260501,2
112,20260619,2
112,20260926,2
112,20261225,2
112,20261226,2
113,20260403,2
113,20260404,2
113,20260406,2
113,20260501,2
113,20260525,2
113,20260619,2
113,20260926,2
113,20261019,2
113,20261225,2
113,20261226,2
114,20260217,2
114,20260403,2
114,20260404,2
114,20260407,2
114,20260501,2
114,20260619,2
114,20260926,2
114,20261225,2
114,20261226,2
115,20260217,2
115,20260403,2
115,20260404,2
115,20260406,2
115,20260407,2
115,20260501,2
115,20260525,2
115,20260619,2
115,20260926,2
115,20261019,2
115,20261225,2
115,20261226,2
116,20260218,2
116,20260403,2
116,20260404,2
116,20260501,2
116,20260619,2
116,20260701,2
116,20260926,2
116,20261225,2
116,20261226,2
117,20260218,2
117,20260403,2
117,20260404,2
117,20260406,2
117,20260501,2
117,20260525,2
117,20260619,2
117,20260701,2
117,20260926,2
117,20261019,2
117,20261225,2
117,20261226,2
118,20260217,2
118,20260218,2
118,20260403,2
118,20260404,2
118,20260407,2
118,20260501,2
118,20260619,2
118,20260701,2
118,20260926,2
118,20261225,2
118,20261226,2
119,20260217,2
119,20260218,2
119,20260403,2
119,20260404,2
119,20260406,2
119,20260407,2
119,20260501,2
119,20260525,2
119,20260619,2
119,20260701,2
119,20260926,2
119,20261019,2
119,20261225,2
119,20261226,2
120,20260101,2
120,20260219,2
120,20260403,2
120,20260404,2
120,20260501,2
120,20260619,2
120,20260926,2
120,20261001,2
120,20261225,2
120,20261226,2
121,20260101,2
121,20260219,2
121,20260403,2
121,20260404,2
121,20260406,2
121,20260501,2
121,20260525,2
121,20260619,2
121,20260926,2
121,20261001,2
121,20261019,2
121,20261225,2
121,20261226,2
122,20260101,2
122,20260217,2
122,20260219,2
122,20260403,2
122,20260404,2
122,20260407,2
122,20260501,2
122,20260619,2
122,20260926,2
122,20261001,2
122,20261225,2
122,20261226,2
123,20260101,2
123,20260217,2
123,20260219,2
123,20260403,2
123,20260404,2
123,20260406,2
123,20260407,2
123,20260501,2
123,20260525,2
123,20260619,2
123,20260926,2
123,20261001,2
123,20261019,2
123,20261225,2
123,20261226,2
124,20260101,2
124,20260218,2
124,20260219,2
124,20260403,2
124,20260404,2
124,20260501,2
124,20260619,2
124,20260701,2
124,20260926,2
124,20261001,2
124,20261225,2
124,20261226,2
125,20260101,2
125,20260218,2
125,20260219,2
125,20260403,2
125,20260404,2
125,20260406,2
125,20260501,2
125,20260525,2
125,20260619,2
125,20260701,2
125,20260926,2
125,20261001,2
125,20261019,2
125,20261225,2
125,20261226,2
126,20260101,2
126,20260217,2
126,20260218,2
126,20260219,2
126,20260403,2
126,20260404,2
126,20260407,2
126,20260501,2
126,20260619,2
126,20260701,2
126,20260926,2
126,20261001,2
126,20261225,2
126,20261226,2
127,20260101,2
127,20260217,2
127,20260218,2
127,20260219,2
127,20260403,2
127,20260404,2
127,20260406,2
127,20260407,2
127,20260501,2
127,20260525,2
127,20260619,2
127,20260701,2
127,20260926,2
127,20261001,2
127,20261019,2
127,20261225,2
127,20261226,2
128,20260101,1
128,20260217,1
128,20260218,1
128,20260219,1
128,20260403,1
128,20260404,1
128,20260406,1
128,20260407,1
128,20260501,1
128,20260525,1
128,20260619,1
128,20260701,1
128,20260926,1
128,20261001,1
128,20261019,1
128,20261225,1
128,20261226,1
129,20260101,1
129,20260217,1
129,20260218,1
129,20260219,1
129,20260403,1
129,20260404,1
129,20260407,1
129,20260501,1
129,20260619,1
129,20260701,1
129,20260926,1
129,20261001,1
129,20261225,1
129,20261226,1
130,20260101,1
130,20260218,1
130,20260219,1
130,20260403,1
130,20260404,1
130,20260406,1
130,20260501,1
130,20260525,1
130,20260619,1
130,20260701,1
130,20260926,1
130,20261001,1
130,20261019,1
130,20261225,1
130,20261226,1
131,20260101,1
131,20260218,1
131,20260219,1
131,20260403,1
131,20260404,1
131,20260501,1
131,20260619,1
131,20260701,1
131,20260926,1
131,20261001,1
131,20261225,1
131,20261226,1
132,20260101,1
132,20260217,1
132,20260219,1
132,20260403,1
132,20260404,1
132,20260406,1
132,20260407,1
132,20260501,1
132,20260525,1
132,20260619,1
132,20260926,1
132,20261001,1
132,20261019,1
132,20261225,1
132,20261226,1
133,20260101,1
133,20260217,1
133,20260219,1
133,20260403,1
133,20260404,1
133,20260407,1
133,20260501,1
133,20260619,1
133,20260926,1
133,20261001,1
133,20261225,1
133,20261226,1
134,20260101,1
134,20260219,1
134,20260403,1
134,20260404,1
134,20260406,1
134,20260501,1
134,20260525,1
134,20260619,1
134,20260926,1
134,20261001,1
134,20261019,1
134,20261225,1
134,20261226,1
135,20260101,1
135,20260219,1
135,20260403,1
135,20260404,1
135,20260501,1
135,20260619,1
135,20260926,1
135,20261001,1
135,20261225,1
135,20261226,1
136,20260217,1
136,20260218,1
136,20260403,1
136,20260404,1
136,20260406,1
136,20260407,1
136,20260501,1
136,20260525,1
136,20260619,1
136,20260701,1
136,20260926,1
136,20261019,1
136,20261225,1
136,20261226,1
137,20260217,1
137,20260218,1
137,20260403,1
137,20260404,1
137,20260407,1
137,20260501,1
137,20260619,1
137,20260701,1
137,20260926,1
137,20261225,1
137,20261226,1
138,20260218,1
138,20260403,1
138,20260404,1
138,20260406,1
138,20260501,1
138,20260525,1
138,20260619,1
138,20260701,1
138,20260926,1
138,20261019,1
138,20261225,1
138,20261226,1
139,20260218,1
139,20260403,1
139,20260404,1
139,20260501,1
139,20260619,1
139,20260701,1
139,20260926,1
139,20261225,1
139,20261226,1
140,20260217,1
140,20260403,1
140,20260404,1
140,20260406,1
140,20260407,1
140,20260501,1
140,20260525,1
140,20260619,1
140,20260926,1
140,20261019,1
140,20261225,1
140,20261226,1
141,20260217,1
141,20260403,1
141,20260404,1
141,20260407,1
141,20260501,1
141,20260619,1
141,20260926,1
141,20261225,1
141,20261226,1
142,20260403,1
142,20260404,1
142,20260406,1
142,20260501,1
142,20260525,1
142,20260619,1
142,20260926,1
142,20261019,1
142,20261225,1
142,20261226,1
143,20260403,1
143,20260404,1
143,20260501,1
143,20260619,1
143,20260926,1
143,20261225,1
143,20261226,1
144,20260101,1
144,20260217,1
144,20260218,1
144,20260219,1
144,20260404,1
144,20260406,1
144,20260407,1
144,20260525,1
144,20260701,1
144,20260926,1
144,20261001,1
144,20261019,1
144,20261226,1
145,20260101,1
145,20260217,1
145,20260218,1
145,20260219,1
145,20260404,1
145,20260407,1
145,20260701,1
145,20260926,1
145,20261001,1
145,20261226,1
146,20260101,1
146,20260218,1
146,20260219,1
146,20260404,1
146,20260406,1
146,20260525,1
146,20260701,1
146,20260926,1
146,20261001,1
146,20261019,1
146,20261226,1
147,20260101,1
147,20260218,1
147,20260219,1
147,20260404,1
147,20260701,1
147,20260926,1
147,20261001,1
147,20261226,1
148,20260101,1
148,20260217,1
148,20260219,1
148,20260404,1
148,20260406,1
148,20260407,1
148,20260525,1
148,20260926,1
148,20261001,1
148,20261019,1
148,20261226,1
149,20260101,1
149,20260217,1
149,20260219,1
149,20260404,1
149,20260407,1
149,20260926,1
149,20261001,1
149,20261226,1
150,20260101,1
150,20260219,1
150,20260404,1
150,20260406,1
150,20260525,1
150,20260926,1
150,20261001,1
150,20261019,1
150,20261226,1
151,20260101,1
151,20260219,1
151,20260404,1
151,20260926,1
151,20261001,1
151,20261226,1
152,20260217,1
152,20260218,1
152,20260404,1
152,20260406,1
152,20260407,1
152,20260525,1
152,20260701,1
152,20260926,1
152,20261019,1
152,20261226,1
153,20260217,1
153,20260218,1
153,20260404,1
153,20260407,1
153,20260701,1
153,20260926,1
153,20261226,1
154,20260218,1
154,20260404,1
154,20260406,1
154,20260525,1
154,20260701,1
154,20260926,1
154,20261019,1
154,20261226,1
155,20260218,1
155,20260404,1
155,20260701,1
155,20260926,1
155,20261226,1
156,20260217,1
156,20260404,1
156,20260406,1
156,20260407,1
156,20260525,1
156,20260926,1
156,20261019,1
156,20261226,1
157,20260217,1
157,20260404,1
157,20260407,1
157,20260926,1
157,20261226,1
158,20260404,1
158,20260406,1
158,20260525,1
158,20260926,1
158,20261019,1
158,20261226,1
159,20260404,1
159,20260926,1
159,20261226,1
160,20260101,1
160,20260217,1
160,20260218,1
160,20260219,1
160,20260403,1
160,20260406,1
160,20260407,1
160,20260501,1
160,20260525,1
160,20260619,1
160,20260701,1
160,20261001,1
160,20261019,1
160,20261225,1
161,20260101,1
161,20260217,1
161,20260218,1
161,20260219,1
161,20260403,1
161,20260407,1
161,20260501,1
161,20260619,1
161,20260701,1
161,20261001,1
161,20261225,1
162,20260101,1
162,20260218,1
162,20260219,1
162,20260403,1
162,20260406,1
162,20260501,1
162,20260525,1
162,20260619,1
162,20260701,1
162,20261001,1
162,20261019,1
162,20261225,1
163,20260101,1
163,20260218,1
163,20260219,1
163,20260403,1
163,20260501,1
163,20260619,1
163,20260701,1
163,20261001,1
163,20261225,1
164,20260101,1
164,20260217,1
164,20260219,1
164,20260403,1
164,20260406,1
164,20260407,1
164,20260501,1
164,20260525,1
164,20260619,1
164,20261001,1
164,20261019,1
164,20261225,1
165,20260101,1
165,20260217,1
165,20260219,1
165,20260403,1
165,20260407,1
165,20260501,1
165,20260619,1
165,20261001,1
165,20261225,1
166,20260101,1
166,20260219,1
166,20260403,1
166,20260406,1
166,20260501,1
166,20260525,1
166,20260619,1
166,20261001,1
166,20261019,1
166,20261225,1
167,20260101,1
167,20260219,1
167,20260403,1
167,20260501,1
167,20260619,1
167,20261001,1
167,20261225,1
168,20260217,1
168,20260218,1
168,20260403,1
168,20260406,1
168,20260407,1
168,20260501,1
168,20260525,1
168,20260619,1
168,20260701,1
168,20261019,1
168,20261225,1
169,20260217,1
169,20260218,1
169,20260403,1
169,20260407,1
169,20260501,1
169,20260619,1
169,20260701,1
169,20261225,1
170,20260218,1
170,20260403,1
170,20260406,1
170,20260501,1
170,20260525,1
170,20260619,1
170,20260701,1
170,20261019,1
170,20261225,1
171,20260218,1
171,20260403,1
171,20260501,1
171,20260619,1
171,20260701,1
171,20261225,1
172,20260217,1
172,20260403,1
172,20260406,1
172,20260407,1
172,20260501,1
172,20260525,1
172,20260619,1
172,20261019,1
172,20261225,1
173,20260217,1
173,20260403,1
173,20260407,1
173,20260501,1
173,20260619,1
173,20261225,1
174,20260403,1
174,20260406,1
174,20260501,1
174,20260525,1
174,20260619,1
174,20261019,1
174,20261225,1
175,20260403,1
175,20260501,1
175,20260619,1
175,20261225,1
176,20260101,1
176,20260217,1
176,20260218,1
176,20260219,1
176,20260406,1
176,20260407,1
176,20260525,1
176,20260701,1
176,20261001,1
176,20261019,1
177,20260101,1
177,20260217,1
177,20260218,1
177,20260219,1
177,20260407,1
177,20260701,1
177,20261001,1
178,20260101,1
178,20260218,1
178,20260219,1
178,20260406,1
178,20260525,1
178,20260701,1
178,20261001,1
178,20261019,1
179,20260101,1
179,20260218,1
179,20260219,1
179,20260701,1
179,20261001,1
180,20260101,1
180,20260217,1
180,20260219,1
180,20260406,1
180,20260407,1
180,20260525,1
180,20261001,1
180,20261019,1
181,20260101,1
181,20260217,1
181,20260219,1
181,20260407,1
181,20261001,1
182,20260101,1
182,20260219,1
182,20260406,1
182,20260525,1
182,20261001,1
182,20261019,1
183,20260101,1
183,20260219,1
183,20261001,1
184,20260217,1
184,20260218,1
184,20260406,1
184,20260407,1
184,20260525,1
184,20260701,1
184,20261019,1
185,20260217,1
185,20260218,1
185,20260407,1
185,20260701,1
186,20260218,1
186,20260406,1
186,20260525,1
186,20260701,1
186,20261019,1
187,20260218,1
187,20260701,1
188,20260217,1
188,20260406,1
188,20260407,1
188,20260525,1
188,20261019,1
189,20260217,1
189,20260407,1
190,20260406,1
190,20260525,1
190,20261019,1
192,20260101,1
192,20260217,1
192,20260218,1
192,20260219,1
192,20260403,1
192,20260404,1
192,20260406,1
192,20260407,1
192,20260501,1
192,20260525,1
192,20260619,1
192,20260701,1
192,20260926,1
192,20261001,1
192,20261019,1
192,20261225,1
192,20261226,1
193,20260101,1
193,20260217,1
193,20260218,1
193,20260219,1
193,20260403,1
193,20260404,1
193,20260407,1
193,20260501,1
193,20260619,1
193,20260701,1
193,20260926,1
193,20261001,1
193,20261225,1
193,20261226,1
194,20260101,1
194,20260218,1
194,20260219,1
194,20260403,1
194,20260404,1
194,20260406,1
194,20260501,1
194,20260525,1
194,20260619,1
194,20260701,1
194,20260926,1
194,20261001,1
194,20261019,1
194,20261225,1
194,20261226,1
195,20260101,1
195,20260218,1
195,20260219,1
195,20260403,1
195,20260404,1
195,20260501,1
195,20260619,1
195,20260701,1
195,20260926,1
195,20261001,1
195,20261225,1
195,20261226,1
196,20260101,1
196,20260217,1
196,20260219,1
196,20260403,1
196,20260404,1
196,20260406,1
196,20260407,1
196,20260501,1
196,20260525,1
196,20260619,1
196,20260926,1
196,20261001,1
196,20261019,1
196,20261225,1
196,20261226,1
197,20260101,1
197,20260217,1
197,20260219,1
197,20260403,1
197,20260404,1
197,20260407,1
197,20260501,1
197,20260619,1
197,20260926,1
197,20261001,1
197,20261225,1
197,20261226,1
198,20260101,1
198,20260219,1
198,20260403,1
198,20260404,1
198,20260406,1
198,20260501,1
198,20260525,1
198,20260619,1
198,20260926,1
198,20261001,1
198,20261019,1
198,20261225,1
198,20261226,1
199,20260101,1
199,20260219,1
199,20260403,1
199,20260404,1
199,20260501,1
199,20260619,1
199,20260926,1
199,20261001,1
199,20261225,1
199,20261226,1
200,20260217,1
200,20260218,1
200,20260403,1
200,20260404,1
200,20260406,1
200,20260407,1
200,20260501,1
200,20260525,1
200,20260619,1
200,20260701,1
200,20260926,1
200,20261019,1
200,20261225,1
200,20261226,1
201,20260217,1
201,20260218,1
201,20260403,1
201,20260404,1
201,20260407,1
201,20260501,1
201,20260619,1
201,20260701,1
201,20260926,1
201,20261225,1
201,20261226,1
202,20260218,1
202,20260403,1
202,20260404,1
202,20260406,1
202,20260501,1
202,20260525,1
202,20260619,1
202,20260701,1
202,20260926,1
202,20261019,1
202,20261225,1
202,20261226,1
203,20260218,1
203,20260403,1
203,20260404,1
203,20260501,1
203,20260619,1
203,20260701,1
203,20260926,1
203,20261225,1
203,20261226,1
204,20260217,1
204,20260403,1
204,20260404,1
204,20260406,1
204,20260407,1
204,20260501,1
204,20260525,1
204,20260619,1
204,20260926,1
204,20261019,1
204,20261225,1
204,20261226,1
205,20260217,1
205,20260403,1
205,20260404,1
205,20260407,1
205,20260501,1
205,20260619,1
205,20260926,1
205,20261225,1
205,20261226,1
206,20260403,1
206,20260404,1
206,20260406,1
206,20260501,1
206,20260525,1
206,20260619,1
206,20260926,1
206,20261019,1
206,20261225,1
206,20261226,1
207,20260403,1
207,20260404,1
207,20260501,1
207,20260619,1
207,20260926,1
207,20261225,1
207,20261226,1
208,20260101,1
208,20260217,1
208,20260218,1
208,20260219,1
208,20260404,1
208,20260406,1
208,20260407,1
208,20260525,1
208,20260701,1
208,20260926,1
208,20261001,1
208,20261019,1
208,20261226,1
209,20260101,1
209,20260217,1
209,20260218,1
209,20260219,1
209,20260404,1
209,20260407,1
209,20260701,1
209,20260926,1
209,20261001,1
209,20261226,1
210,20260101,1
210,20260218,1
210,20260219,1
210,20260404,1
210,20260406,1
210,20260525,1
210,20260701,1
210,20260926,1
210,20261001,1
210,20261019,1
210,20261226,1
211,20260101,1
211,20260218,1
211,20260219,1
211,20260404,1
211,20260701,1
211,20260926,1
211,20261001,1
211,20261226,1
212,20260101,1
212,20260217,1
212,20260219,1
212,20260404,1
212,20260406,1
212,20260407,1
212,20260525,1
212,20260926,1
212,20261001,1
212,20261019,1
212,20261226,1
213,20260101,1
213,20260217,1
213,20260219,1
213,20260404,1
213,20260407,1
213,20260926,1
213,20261001,1
213,20261226,1
214,20260101,1
214,20260219,1
214,20260404,1
214,20260406,1
214,20260525,1
214,20260926,1
214,20261001,1
214,20261019,1
214,20261226,1
215,20260101,1
215,20260219,1
215,20260404,1
215,20260926,1
215,20261001,1
215,20261226,1
216,20260217,1
216,20260218,1
216,20260404,1
216,20260406,1
216,20260407,1
216,20260525,1
216,20260701,1
216,20260926,1
216,20261019,1
216,20261226,1
217,20260217,1
217,20260218,1
217,20260404,1
217,20260407,1
217,20260701,1
217,20260926,1
217,20261226,1
218,20260218,1
218,20260404,1
218,20260406,1
218,20260525,1
218,20260701,1
218,20260926,1
218,20261019,1
218,20261226,1
219,20260218,1
219,20260404,1
219,20260701,1
219,20260926,1
219,20261226,1
220,20260217,1
220,20260404,1
220,20260406,1
220,20260407,1
220,20260525,1
220,20260926,1
220,20261019,1
220,20261226,1
221,20260217,1
221,20260404,1
221,20260407,1
221,20260926,1
221,20261226,1
222,20260404,1
222,20260406,1
222,20260525,1
222,20260926,1
222,20261019,1
222,20261226,1
223,20260404,1
223,20260926,1
223,20261226,1
224,20260101,1
224,20260217,1
224,20260218,1
224,20260219,1
224,20260403,1
224,20260406,1
224,20260407,1
224,20260501,1
224,20260525,1
224,20260619,1
224,20260701,1
224,20261001,1
224,20261019,1
224,20261225,1
225,20260101,1
225,20260217,1
225,20260218,1
225,20260219,1
225,20260403,1
225,20260407,1
225,20260501,1
225,20260619,1
225,20260701,1
225,20261001,1
225,20261225,1
226,20260101,1
226,20260218,1
226,20260219,1
226,20260403,1
226,20260406,1
226,20260501,1
226,20260525,1
226,20260619,1
226,20260701,1
226,20261001,1
226,20261019,1
226,20261225,1
227,20260101,1
227,20260218,1
227,20260219,1
227,20260403,1
227,20260501,1
227,20260619,1
227,20260701,1
227,20261001,1
227,20261225,1
228,20260101,1
228,20260217,1
228,20260219,1
228,20260403,1
228,20260406,1
228,20260407,1
228,20260501,1
228,20260525,1
228,20260619,1
228,20261001,1
228,20261019,1
228,20261225,1
229,20260101,1
229,20260217,1
229,20260219,1
229,20260403,1
229,20260407,1
229,20260501,1
229,20260619,1
229,20261001,1
229,20261225,1
230,20260101,1
230,20260219,1
230,20260403,1
230,20260406,1
230,20260501,1
230,20260525,1
230,20260619,1
230,20261001,1
230,20261019,1
230,20261225,1
231,20260101,1
231,20260219,1
231,20260403,1
231,20260501,1
231,20260619,1
231,20261001,1
231,20261225,1
232,20260217,1
232,20260218,1
232,20260403,1
232,20260406,1
232,20260407,1
232,20260501,1
232,20260525,1
232,20260619,1
232,20260701,1
232,20261019,1
232,20261225,1
233,20260217,1
233,20260218,1
233,20260403,1
233,20260407,1
233,20260501,1
233,20260619,1
233,20260701,1
233,20261225,1
234,20260218,1
234,20260403,1
234,20260406,1
234,20260501,1
234,20260525,1
234,20260619,1
234,20260701,1
234,20261019,1
234,20261225,1
235,20260218,1
235,20260403,1
235,20260501,1
235,20260619,1
235,20260701,1
235,20261225,1
236,20260217,1
236,20260403,1
236,20260406,1
236,20260407,1
236,20260501,1
236,20260525,1
236,20260619,1
236,20261019,1
236,20261225,1
237,20260217,1
237,20260403,1
237,20260407,1
237,20260501,1
237,20260619,1
237,20261225,1
238,20260403,1
238,20260406,1
238,20260501,1
238,20260525,1
238,20260619,1
238,20261019,1
238,20261225,1
239,20260403,1
239,20260501,1
239,20260619,1
239,20261225,1
240,20260101,1
240,20260217,1
240,20260218,1
240,20260219,1
240,20260406,1
240,20260407,1
240,20260525,1
240,20260701,1
240,20261001,1
240,20261019,1
241,20260101,1
241,20260217,1
241,20260218,1
241,20260219,1
241,20260407,1
241,20260701,1
241,20261001,1
242,20260101,1
242,20260218,1
242,20260219,1
242,20260406,1
242,20260525,1
242,20260701,1
242,20261001,1
242,20261019,1
243,20260101,1
243,20260218,1
243,20260219,1
243,20260701,1
243,20261001,1
244,20260101,1
244,20260217,1
244,20260219,1
244,20260406,1
244,20260407,1
244,20260525,1
244,20261001,1
244,20261019,1
245,20260101,1
245,20260217,1
245,20260219,1
245,20260407,1
245,20261001,1
246,20260101,1
246,20260219,1
246,20260406,1
246,20260525,1
246,20261001,1
246,20261019,1
247,20260101,1
247,20260219,1
247,20261001,1
248,20260217,1
248,20260218,1
248,20260406,1
248,20260407,1
248,20260525,1
248,20260701,1
248,20261019,1
249,20260217,1
249,20260218,1
249,20260407,1
249,20260701,1
250,20260218,1
250,20260406,1
250,20260525,1
250,20260701,1
250,20261019,1
251,20260218,1
251,20260701,1
252,20260217,1
252,20260406,1
252,20260407,1
252,20260525,1
252,20261019,1
253,20260217,1
253,20260407,1
254,20260406,1
254,20260525,1
254,20261019,1
257,20260406,2
257,20260525,2
257,20261019,2
258,20260217,2
258,20260407,2
259,20260217,2
259,20260406,2
259,20260407,2
259,20260525,2
259,20261019,2
260,20260218,2
260,20260701,2
261,20260218,2
261,20260406,2
261,20260525,2
261,20260701,2
261,20261019,2
262,20260217,2
262,20260218,2
262,20260407,2
262,20260701,2
263,20260217,2
263,20260218,2
263,20260406,2
263,20260407,2
263,20260525,2
263,20260701,2
263,20261019,2
264,20260101,2
264,20260219,2
264,20261001,2
265,20260101,2
265,20260219,2
265,20260406,2
265,20260525,2
265,20261001,2
265,20261019,2
266,20260101,2
266,20260217,2
266,20260219,2
266,20260407,2
266,20261001,2
267,20260101,2
267,20260217,2
267,20260219,2
267,20260406,2
267,20260407,2
267,20260525,2
267,20261001,2
267,20261019,2
268,20260101,2
268,20260218,2
268,20260219,2
268,20260701,2
268,20261001,2
269,20260101,2
269,20260218,2
269,20260219,2
269,20260406,2
269,20260525,2
269,20260701,2
269,20261001,2
269,20261019,2
270,20260101,2
270,20260217,2
270,20260218,2
270,20260219,2
270,20260407,2
270,20260701,2
270,20261001,2
271,20260101,2
271,20260217,2
271,20260218,2
271,20260219,2
271,20260406,2
271,20260407,2
271,20260525,2
271,20260701,2
271,20261001,2
271,20261019,2
272,20260403,2
272,20260501,2
272,20260619,2
272,20261225,2
273,20260403,2
273,20260406,2
273,20260501,2
273,20260525,2
273,20260619,2
273,20261019,2
273,20261225,2
274,20260217,2
274,20260403,2
274,20260407,2
274,20260501,2
274,20260619,2
274,20261225,2
275,20260217,2
275,20260403,2
275,20260406,2
275,20260407,2
275,20260501,2
275,20260525,2
275,20260619,2
275,20261019,2
275,20261225,2
276,20260218,2
276,20260403,2
276,20260501,2
276,20260619,2
276,20260701,2
276,20261225,2
277,20260218,2
277,20260403,2
277,20260406,2
277,20260501,2
277,20260525,2
277,20260619,2
277,20260701,2
277,20261019,2
277,20261225,2
278,20260217,2
278,20260218,2
278,20260403,2
278,20260407,2
278,20260501,2
278,20260619,2
278,20260701,2
278,20261225,2
279,20260217,2
279,20260218,2
279,20260403,2
279,20260406,2
279,20260407,2
279,20260501,2
279,20260525,2
279,20260619,2
279,20260701,2
279,20261019,2
279,20261225,2
280,20260101,2
280,20260219,2
280,20260403,2
280,20260501,2
280,20260619,2
280,20261001,2
280,20261225,2
281,20260101,2
281,20260219,2
281,20260403,2
281,20260406,2
281,20260501,2
281,20260525,2
281,20260619,2
281,20261001,2
281,20261019,2
281,20261225,2
282,20260101,2
282,20260217,2
282,20260219,2
282,20260403,2
282,20260407,2
282,20260501,2
282,20260619,2
282,20261001,2
282,20261225,2
283,20260101,2
283,20260217,2
283,20260219,2
283,20260403,2
283,20260406,2
283,20260407,2
283,20260501,2
283,20260525,2
283,20260619,2
283,20261001,2
283,20261019,2
283,20261225,2
284,20260101,2
284,20260218,2
284,20260219,2
284,20260403,2
284,20260501,2
284,20260619,2
284,20260701,2
284,20261001,2
284,20261225,2
285,20260101,2
285,20260218,2
285,20260219,2
285,20260403,2
285,20260406,2
285,20260501,2
285,20260525,2
285,20260619,2
285,20260701,2
285,20261001,2
285,20261019,2
285,20261225,2
286,20260101,2
286,20260217,2
286,20260218,2
286,20260219,2
286,20260403,2
286,20260407,2
286,20260501,2
286,20260619,2
286,20260701,2
286,20261001,2
286,20261225,2
287,20260101,2
287,20260217,2
287,20260218,2
287,20260219,2
287,20260403,2
287,20260406,2
287,20260407,2
287,20260501,2
287,20260525,2
287,20260619,2
287,20260701,2
287,20261001,2
287,20261019,2
287,20261225,2
288,20260404,2
288,20260926,2
288,20261226,2
289,20260404,2
289,20260406,2
289,20260525,2
289,20260926,2
289,20261019,2
289,20261226,2
290,20260217,2
290,20260404,2
290,20260407,2
290,20260926,2
290,20261226,2
291,20260217,2
291,20260404,2
291,20260406,2
291,20260407,2
291,20260525,2
291,20260926,2
291,20261019,2
291,20261226,2
292,20260218,2
292,20260404,2
292,20260701,2
292,20260926,2
292,20261226,2
293,20260218,2
293,20260404,2
293,20260406,2
293,20260525,2
293,20260701,2
293,20260926,2
293,20261019,2
293,20261226,2
294,20260217,2
294,20260218,2
294,20260404,2
294,20260407,2
294,20260701,2
294,20260926,2
294,20261226,2
295,20260217,2
295,20260218,2
295,20260404,2
295,20260406,2
295,20260407,2
295,20260525,2
295,20260701,2
295,20260926,2
295,20261019,2
295,20261226,2
296,20260101,2
296,20260219,2
296,20260404,2
296,20260926,2
296,20261001,2
296,20261226,2
297,20260101,2
297,20260219,2
297,20260404,2
297,20260406,2
297,20260525,2
297,20260926,2
297,20261001,2
297,20261019,2
297,20261226,2
298,20260101,2
298,20260217,2
298,20260219,2
298,20260404,2
298,20260407,2
298,20260926,2
298,20261001,2
298,20261226,2
299,20260101,2
299,20260217,2
299,20260219,2
299,20260404,2
299,20260406,2
299,20260407,2
299,20260525,2
299,20260926,2
299,20261001,2
299,20261019,2
299,20261226,2
300,20260101,2
300,20260218,2
300,20260219,2
300,20260404,2
300,20260701,2
300,20260926,2
300,20261001,2
300,20261226,2
301,20260101,2
301,20260218,2
301,20260219,2
301,20260404,2
301,20260406,2
301,20260525,2
301,20260701,2
301,20260926,2
301,20261001,2
301,20261019,2
301,20261226,2
302,20260101,2
302,20260217,2
302,20260218,2
302,20260219,2
302,20260404,2
302,20260407,2
302,20260701,2
302,20260926,2
302,20261001,2
302,20261226,2
303,20260101,2
303,20260217,2
303,20260218,2
303,20260219,2
303,20260404,2
303,20260406,2
303,20260407,2
303,20260525,2
303,20260701,2
303,20260926,2
303,20261001,2
303,20261019,2
303,20261226,2
304,20260403,2
304,20260404,2
304,20260501,2
304,20260619,2
304,20260926,2
304,20261225,2
304,20261226,2
305,20260403,2
305,20260404,2
305,20260406,2
305,20260501,2
305,20260525,2
305,20260619,2
305,20260926,2
305,20261019,2
305,20261225,2
305,20261226,2
306,20260217,2
306,20260403,2
306,20260404,2
306,20260407,2
306,20260501,2
306,20260619,2
306,20260926,2
306,20261225,2
306,20261226,2
307,20260217,2
307,20260403,2
307,20260404,2
307,20260406,2
307,20260407,2
307,20260501,2
307,20260525,2
307,20260619,2
307,20260926,2
307,20261019,2
307,20261225,2
307,20261226,2
308,20260218,2
308,20260403,2
308,20260404,2
308,20260501,2
308,20260619,2
308,20260701,2
308,20260926,2
308,20261225,2
308,20261226,2
309,20260218,2
309,20260403,2
309,20260404,2
309,20260406,2
309,20260501,2
309,20260525,2
309,20260619,2
309,20260701,2
309,20260926,2
309,20261019,2
309,20261225,2
309,20261226,2
310,20260217,2
310,20260218,2
310,20260403,2
310,20260404,2
310,20260407,2
310,20260501,2
310,20260619,2
310,20260701,2
310,20260926,2
310,20261225,2
310,20261226,2
311,20260217,2
311,20260218,2
311,20260403,2
311,20260404,2
311,20260406,2
311,20260407,2
311,20260501,2
311,20260525,2
311,20260619,2
311,20260701,2
311,20260926,2
311,20261019,2
311,20261225,2
311,20261226,2
312,20260101,2
312,20260219,2
312,20260403,2
312,20260404,2
312,20260501,2
312,20260619,2
312,20260926,2
312,20261001,2
312,20261225,2
312,20261226,2
313,20260101,2
313,20260219,2
313,20260403,2
313,20260404,2
313,20260406,2
313,20260501,2
313,20260525,2
313,20260619,2
313,20260926,2
313,20261001,2
313,20261019,2
313,20261225,2
313,20261226,2
314,20260101,2
314,20260217,2
314,20260219,2
314,20260403,2
314,20260404,2
314,20260407,2
314,20260501,2
314,20260619,2
314,20260926,2
314,20261001,2
314,20261225,2
314,20261226,2
315,20260101,2
315,20260217,2
315,20260219,2
315,20260403,2
315,20260404,2
315,20260406,2
315,20260407,2
315,20260501,2
315,20260525,2
315,20260619,2
315,20260926,2
315,20261001,2
315,20261019,2
315,20261225,2
315,20261226,2
316,20260101,2
316,20260218,2
316,20260219,2
316,20260403,2
316,20260404,2
316,20260501,2
316,20260619,2
316,20260701,2
316,20260926,2
316,20261001,2
316,20261225,2
316,20261226,2
317,20260101,2
317,20260218,2
317,20260219,2
317,20260403,2
317,20260404,2
317,20260406,2
317,20260501,2
317,20260525,2
317,20260619,2
317,20260701,2
317,20260926,2
317,20261001,2
317,20261019,2
317,20261225,2
317,20261226,2
318,20260101,2
318,20260217,2
318,20260218,2
318,20260219,2
318,20260403,2
318,20260404,2
318,20260407,2
318,20260501,2
318,20260619,2
318,20260701,2
318,20260926,2
318,20261001,2
318,20261225,2
318,20261226,2
319,20260101,2
319,20260217,2
319,20260218,2
319,20260219,2
319,20260403,2
319,20260404,2
319,20260406,2
319,20260407,2
319,20260501,2
319,20260525,2
319,20260619,2
319,20260701,2
319,20260926,2
319,20261001,2
319,20261019,2
319,20261225,2
319,20261226,2
321,20260406,2
321,20260525,2
321,20261019,2
322,20260217,2
322,20260407,2
323,20260217,2
323,20260406,2
323,20260407,2
323,20260525,2
323,20261019,2
324,20260218,2
324,20260701,2
325,20260218,2
325,20260406,2
325,20260525,2
325,20260701,2
325,20261019,2
326,20260217,2
326,20260218,2
326,20260407,2
326,20260701,2
327,20260217,2
327,20260218,2
327,20260406,2
327,20260407,2
327,20260525,2
327,20260701,2
327,20261019,2
328,20260101,2
328,20260219,2
328,20261001,2
329,20260101,2
329,20260219,2
329,20260406,2
329,20260525,2
329,20261001,2
329,20261019,2
330,20260101,2
330,20260217,2
330,20260219,2
330,20260407,2
330,20261001,2
331,20260101,2
331,20260217,2
331,20260219,2
331,20260406,2
331,20260407,2
331,20260525,2
331,20261001,2
331,20261019,2
332,20260101,2
332,20260218,2
332,20260219,2
332,20260701,2
332,20261001,2
333,20260101,2
333,20260218,2
333,20260219,2
333,20260406,2
333,20260525,2
333,20260701,2
333,20261001,2
333,20261019,2
334,20260101,2
334,20260217,2
334,20260218,2
334,20260219,2
334,20260407,2
334,20260701,2
334,20261001,2
335,20260101,2
335,20260217,2
335,20260218,2
335,20260219,2
335,20260406,2
335,20260407,2
335,20260525,2
335,20260701,2
335,20261001,2
335,20261019,2
336,20260403,2
336,20260501,2
336,20260619,2
336,20261225,2
337,20260403,2
337,20260406,2
337,20260501,2
337,20260525,2
337,20260619,2
337,20261019,2
337,20261225,2
338,20260217,2
338,20260403,2
338,20260407,2
338,20260501,2
338,20260619,2
338,20261225,2
339,20260217,2
339,20260403,2
339,20260406,2
339,20260407,2
339,20260501,2
339,20260525,2
339,20260619,2
339,20261019,2
339,20261225,2
340,20260218,2
340,20260403,2
340,20260501,2
340,20260619,2
340,20260701,2
340,20261225,2
341,20260218,2
341,20260403,2
341,20260406,2
341,20260501,2
341,20260525,2
341,20260619,2
341,20260701,2
341,20261019,2
341,20261225,2
342,20260217,2
342,20260218,2
342,20260403,2
342,20260407,2
342,20260501,2
342,20260619,2
342,20260701,2
342,20261225,2
343,20260217,2
343,20260218,2
343,20260403,2
343,20260406,2
343,20260407,2
343,20260501,2
343,20260525,2
343,20260619,2
343,20260701,2
343,20261019,2
343,20261225,2
344,20260101,2
344,20260219,2
344,20260403,2
344,20260501,2
344,20260619,2
344,20261001,2
344,20261225,2
345,20260101,2
345,20260219,2
345,20260403,2
345,20260406,2
345,20260501,2
345,20260525,2
345,20260619,2
345,20261001,2
345,20261019,2
345,20261225,2
346,20260101,2
346,20260217,2
346,20260219,2
346,20260403,2
346,20260407,2
346,20260501,2
346,20260619,2
346,20261001,2
346,20261225,2
347,20260101,2
347,20260217,2
347,20260219,2
347,20260403,2
347,20260406,2
347,20260407,2
347,20260501,2
347,20260525,2
347,20260619,2
347,20261001,2
347,20261019,2
347,20261225,2
348,20260101,2
348,20260218,2
348,20260219,2
348,20260403,2
348,20260501,2
348,20260619,2
348,20260701,2
348,20261001,2
348,20261225,2
349,20260101,2
349,20260218,2
349,20260219,2
349,20260403,2
349,20260406,2
349,20260501,2
349,20260525,2
349,20260619,2
349,20260701,2
349,20261001,2
349,20261019,2
349,20261225,2
350,20260101,2
350,20260217,2
350,20260218,2
350,20260219,2
350,20260403,2
350,20260407,2
350,20260501,2
350,20260619,2
350,20260701,2
350,20261001,2
350,20261225,2
351,20260101,2
351,20260217,2
351,20260218,2
351,20260219,2
351,20260403,2
351,20260406,2
351,20260407,2
351,20260501,2
351,20260525,2
351,20260619,2
351,20260701,2
351,20261001,2
351,20261019,2
351,20261225,2
352,20260404,2
352,20260926,2
352,20261226,2
353,20260404,2
353,20260406,2
353,20260525,2
353,20260926,2
353,20261019,2
353,20261226,2
354,20260217,2
354,20260404,2
354,20260407,2
354,20260926,2
354,20261226,2
355,20260217,2
355,20260404,2
355,20260406,2
355,20260407,2
355,20260525,2
355,20260926,2
355,20261019,2
355,20261226,2
356,20260218,2
356,20260404,2
356,20260701,2
356,20260926,2
356,20261226,2
357,20260218,2
357,20260404,2
357,20260406,2
357,20260525,2
357,20260701,2
357,20260926,2
357,20261019,2
357,20261226,2
358,20260217,2
358,20260218,2
358,20260404,2
358,20260407,2
358,20260701,2
358,20260926,2
358,20261226,2
359,20260217,2
359,20260218,2
359,20260404,2
359,20260406,2
359,20260407,2
359,20260525,2
359,20260701,2
359,20260926,2
359,20261019,2
359,20261226,2
360,20260101,2
360,20260219,2
360,20260404,2
360,20260926,2
360,20261001,2
360,20261226,2
361,20260101,2
361,20260219,2
361,20260404,2
361,20260406,2
361,20260525,2
361,20260926,2
361,20261001,2
361,20261019,2
361,20261226,2
362,20260101,2
362,20260217,2
362,20260219,2
362,20260404,2
362,20260407,2
362,20260926,2
362,20261001,2
362,20261226,2
363,20260101,2
363,20260217,2
363,20260219,2
363,20260404,2
363,20260406,2
363,20260407,2
363,20260525,2
363,20260926,2
363,20261001,2
363,20261019,2
363,20261226,2
364,20260101,2
364,20260218,2
364,20260219,2
364,20260404,2
364,20260701,2
364,20260926,2
364,20261001,2
364,20261226,2
365,20260101,2
365,20260218,2
365,20260219,2
365,20260404,2
365,20260406,2
365,20260525,2
365,20260701,2
365,20260926,2
365,20261001,2
365,20261019,2
365,20261226,2
366,20260101,2
366,20260217,2
366,20260218,2
366,20260219,2
366,20260404,2
366,20260407,2
366,20260701,2
366,20260926,2
366,20261001,2
366,20261226,2
367,20260101,2
367,20260217,2
367,20260218,2
367,20260219,2
367,20260404,2
367,20260406,2
367,20260407,2
367,20260525,2
367,20260701,2
367,20260926,2
367,20261001,2
367,20261019,2
367,20261226,2
368,20260403,2
368,20260404,2
368,20260501,2
368,20260619,2
368,20260926,2
368,20261225,2
368,20261226,2
369,20260403,2
369,20260404,2
369,20260406,2
369,20260501,2
369,20260525,2
369,20260619,2
369,20260926,2
369,20261019,2
369,20261225,2
369,20261226,2
370,20260217,2
370,20260403,2
370,20260404,2
370,20260407,2
370,20260501,2
370,20260619,2
370,20260926,2
370,20261225,2
370,20261226,2
371,20260217,2
371,20260403,2
371,20260404,2
371,20260406,2
371,20260407,2
371,20260501,2
371,20260525,2
371,20260619,2
371,20260926,2
371,20261019,2
371,20261225,2
371,20261226,2
372,20260218,2
372,20260403,2
372,20260404,2
372,20260501,2
372,20260619,2
372,20260701,2
372,20260926,2
372,20261225,2
372,20261226,2
373,20260218,2
373,20260403,2
373,20260404,2
373,20260406,2
373,20260501,2
373,20260525,2
373,20260619,2
373,20260701,2
373,20260926,2
373,20261019,2
373,20261225,2
373,20261226,2
374,20260217,2
374,20260218,2
374,20260403,2
374,20260404,2
374,20260407,2
374,20260501,2
374,20260619,2
374,20260701,2
374,20260926,2
374,20261225,2
374,20261226,2
375,20260217,2
375,20260218,2
375,20260403,2
375,20260404,2
375,20260406,2
375,20260407,2
375,20260501,2
375,20260525,2
375,20260619,2
375,20260701,2
375,20260926,2
375,20261019,2
375,20261225,2
375,20261226,2
376,20260101,2
376,20260219,2
376,20260403,2
376,20260404,2
376,20260501,2
376,20260619,2
376,20260926,2
376,20261001,2
376,20261225,2
376,20261226,2
377,20260101,2
377,20260219,2
377,20260403,2
377,20260404,2
377,20260406,2
377,20260501,2
377,20260525,2
377,20260619,2
377,20260926,2
377,20261001,2
377,20261019,2
377,20261225,2
377,20261226,2
378,20260101,2
378,20260217,2
378,20260219,2
378,20260403,2
378,20260404,2
378,20260407,2
378,20260501,2
378,20260619,2
378,20260926,2
378,20261001,2
378,20261225,2
378,20261226,2
379,20260101,2
379,20260217,2
379,20260219,2
379,20260403,2
379,20260404,2
379,20260406,2
379,20260407,2
379,20260501,2
379,20260525,2
379,20260619,2
379,20260926,2
379,20261001,2
379,20261019,2
379,20261225,2
379,20261226,2
380,20260101,2
380,20260218,2
380,20260219,2
380,20260403,2
380,20260404,2
380,20260501,2
380,20260619,2
380,20260701,2
380,20260926,2
380,20261001,2
380,20261225,2
380,20261226,2
381,20260101,2
381,20260218,2
381,20260219,2
381,20260403,2
381,20260404,2
381,20260406,2
381,20260501,2
381,20260525,2
381,20260619,2
381,20260701,2
381,20260926,2
381,20261001,2
381,20261019,2
381,20261225,2
381,20261226,2
382,20260101,2
382,20260217,2
382,20260218,2
382,20260219,2
382,20260403,2
382,20260404,2
382,20260407,2
382,20260501,2
382,20260619,2
382,20260701,2
382,20260926,2
382,20261001,2
382,20261225,2
382,20261226,2
383,20260101,2
383,20260217,2
383,20260218,2
383,20260219,2
383,20260403,2
383,20260404,2
383,20260406,2
383,20260407,2
383,20260501,2
383,20260525,2
383,20260619,2
383,20260701,2
383,20260926,2
383,20261001,2
383,20261019,2
383,20261225,2
383,20261226,2
384,20260101,1
384,20260217,1
384,20260218,1
384,20260219,1
384,20260403,1
384,20260404,1
384,20260406,1
384,20260407,1
384,20260501,1
384,20260525,1
384,20260619,1
384,20260701,1
384,20260926,1
384,20261001,1
384,20261019,1
384,20261225,1
384,20261226,1
385,20260101,1
385,20260217,1
385,20260218,1
385,20260219,1
385,20260403,1
385,20260404,1
385,20260407,1
385,20260501,1
385,20260619,1
385,20260701,1
385,20260926,1
385,20261001,1
385,20261225,1
385,20261226,1
386,20260101,1
386,20260218,1
386,20260219,1
386,20260403,1
386,20260404,1
386,20260406,1
386,20260501,1
386,20260525,1
386,20260619,1
386,20260701,1
386,20260926,1
386,20261001,1
386,20261019,1
386,20261225,1
386,20261226,1
387,20260101,1
387,20260218,1
387,20260219,1
387,20260403,1
387,20260404,1
387,20260501,1
387,20260619,1
387,20260701,1
387,20260926,1
387,20261001,1
387,20261225,1
387,20261226,1
388,20260101,1
388,20260217,1
388,20260219,1
388,20260403,1
388,20260404,1
388,20260406,1
388,20260407,1
388,20260501,1
388,20260525,1
388,20260619,1
388,20260926,1
388,20261001,1
388,20261019,1
388,20261225,1
388,20261226,1
389,20260101,1
389,20260217,1
389,20260219,1
389,20260403,1
389,20260404,1
389,20260407,1
389,20260501,1
389,20260619,1
389,20260926,1
389,20261001,1
389,20261225,1
389,20261226,1
390,20260101,1
390,20260219,1
390,20260403,1
390,20260404,1
390,20260406,1
390,20260501,1
390,20260525,1
390,20260619,1
390,20260926,1
390,20261001,1
390,20261019,1
390,20261225,1
390,20261226,1
391,20260101,1
391,20260219,1
391,20260403,1
391,20260404,1
391,20260501,1
391,20260619,1
391,20260926,1
391,20261001,1
391,20261225,1
391,20261226,1
392,20260217,1
392,20260218,1
392,20260403,1
392,20260404,1
392,20260406,1
392,20260407,1
392,20260501,1
392,20260525,1
392,20260619,1
392,20260701,1
392,20260926,1
392,20261019,1
392,20261225,1
392,20261226,1
393,20260217,1
393,20260218,1
393,20260403,1
393,20260404,1
393,20260407,1
393,20260501,1
393,20260619,1
393,20260701,1
393,20260926,1
393,20261225,1
393,20261226,1
394,20260218,1
394,20260403,1
394,20260404,1
394,20260406,1
394,20260501,1
394,20260525,1
394,20260619,1
394,20260701,1
394,20260926,1
394,20261019,1
394,20261225,1
394,20261226,1
395,20260218,1
395,20260403,1
395,20260404,1
395,20260501,1
395,20260619,1
395,20260701,1
395,20260926,1
395,20261225,1
395,20261226,1
396,20260217,1
396,20260403,1
396,20260404,1
396,20260406,1
396,20260407,1
396,20260501,1
396,20260525,1
396,20260619,1
396,20260926,1
396,20261019,1
396,20261225,1
396,20261226,1
397,20260217,1
397,20260403,1
397,20260404,1
397,20260407,1
397,20260501,1
397,20260619,1
397,20260926,1
397,20261225,1
397,20261226,1
398,20260403,1
398,20260404,1
398,20260406,1
398,20260501,1
398,20260525,1
398,20260619,1
398,20260926,1
398,20261019,1
398,20261225,1
398,20261226,1
399,20260403,1
399,20260404,1
399,20260501,1
399,20260619,1
399,20260926,1
399,20261225,1
399,20261226,1
400,20260101,1
400,20260217,1
400,20260218,1
400,20260219,1
400,20260404,1
400,20260406,1
400,20260407,1
400,20260525,1
400,20260701,1
400,20260926,1
400,20261001,1
400,20261019,1
400,20261226,1
401,20260101,1
401,20260217,1
401,20260218,1
401,20260219,1
401,20260404,1
401,20260407,1
401,20260701,1
401,20260926,1
401,20261001,1
401,20261226,1
402,20260101,1
402,20260218,1
402,20260219,1
402,20260404,1
402,20260406,1
402,20260525,1
402,20260701,1
402,20260926,1
402,20261001,1
402,20261019,1
402,20261226,1
403,20260101,1
403,20260218,1
403,20260219,1
403,20260404,1
403,20260701,1
403,20260926,1
403,20261001,1
403,20261226,1
404,20260101,1
404,20260217,1
404,20260219,1
404,20260404,1
404,20260406,1
404,20260407,1
404,20260525,1
404,20260926,1
404,20261001,1
404,20261019,1
404,20261226,1
405,20260101,1
405,20260217,1
405,20260219,1
405,20260404,1
405,20260407,1
405,20260926,1
405,20261001,1
405,20261226,1
406,20260101,1
406,20260219,1
406,20260404,1
406,20260406,1
406,20260525,1
406,20260926,1
406,20261001,1
406,20261019,1
406,20261226,1
407,20260101,1
407,20260219,1
407,20260404,1
407,20260926,1
407,20261001,1
407,20261226,1
408,20260217,1
408,20260218,1
408,20260404,1
408,20260406,1
408,20260407,1
408,20260525,1
408,20260701,1
408,20260926,1
408,20261019,1
408,20261226,1
409,20260217,1
409,20260218,1
409,20260404,1
409,20260407,1
409,20260701,1
409,20260926,1
409,20261226,1
410,20260218,1
410,20260404,1
410,20260406,1
410,20260525,1
410,20260701,1
410,20260926,1
410,20261019,1
410,20261226,1
411,20260218,1
411,20260404,1
411,20260701,1
411,20260926,1
411,20261226,1
412,20260217,1
412,20260404,1
412,20260406,1
412,20260407,1
412,20260525,1
412,20260926,1
412,20261019,1
412,20261226,1
413,20260217,1
413,20260404,1
413,20260407,1
413,20260926,1
413,20261226,1
414,20260404,1
414,20260406,1
414,20260525,1
414,20260926,1
414,20261019,1
414,20261226,1
415,20260404,1
415,20260926,1
415,20261226,1
416,20260101,1
416,20260217,1
416,20260218,1
416,20260219,1
416,20260403,1
416,20260406,1
416,20260407,1
416,20260501,1
416,20260525,1
416,20260619,1
416,20260701,1
416,20261001,1
416,20261019,1
416,20261225,1
417,20260101,1
417,20260217,1
417,20260218,1
417,20260219,1
417,20260403,1
417,20260407,1
417,20260501,1
417,20260619,1
417,20260701,1
417,20261001,1
417,20261225,1
418,20260101,1
418,20260218,1
418,20260219,1
418,20260403,1
418,20260406,1
418,20260501,1
418,20260525,1
418,20260619,1
418,20260701,1
418,20261001,1
418,20261019,1
418,20261225,1
419,20260101,1
419,20260218,1
419,20260219,1
419,20260403,1
419,20260501,1
419,20260619,1
419,20260701,1
419,20261001,1
419,20261225,1
420,20260101,1
420,20260217,1
420,20260219,1
420,20260403,1
420,20260406,1
420,20260407,1
420,20260501,1
420,20260525,1
420,20260619,1
420,20261001,1
420,20261019,1
420,20261225,1
421,20260101,1
421,20260217,1
421,20260219,1
421,20260403,1
421,20260407,1
421,20260501,1
421,20260619,1
421,20261001,1
421,20261225,1
422,20260101,1
422,20260219,1
422,20260403,1
422,20260406,1
422,20260501,1
422,20260525,1
422,20260619,1
422,20261001,1
422,20261019,1
422,20261225,1
423,20260101,1
423,20260219,1
423,20260403,1
423,20260501,1
423,20260619,1
423,20261001,1
423,20261225,1
424,20260217,1
424,20260218,1
424,20260403,1
424,20260406,1
424,20260407,1
424,20260501,1
424,20260525,1
424,20260619,1
424,20260701,1
424,20261019,1
424,20261225,1
425,20260217,1
425,20260218,1
425,20260403,1
425,20260407,1
425,20260501,1
425,20260619,1
425,20260701,1
425,20261225,1
426,20260218,1
426,20260403,1
426,20260406,1
426,20260501,1
426,20260525,1
426,20260619,1
426,20260701,1
426,20261019,1
426,20261225,1
427,20260218,1
427,20260403,1
427,20260501,1
427,20260619,1
427,20260701,1
427,20261225,1
428,20260217,1
428,20260403,1
428,20260406,1
428,20260407,1
428,20260501,1
428,20260525,1
428,20260619,1
428,20261019,1
428,20261225,1
429,20260217,1
429,20260403,1
429,20260407,1
429,20260501,1
429,20260619,1
429,20261225,1
430,20260403,1
430,20260406,1
430,20260501,1
430,20260525,1
430,20260619,1
430,20261019,1
430,20261225,1
431,20260403,1
431,20260501,1
431,20260619,1
431,20261225,1
432,20260101,1
432,20260217,1
432,20260218,1
432,20260219,1
432,20260406,1
432,20260407,1
432,20260525,1
432,20260701,1
432,20261001,1
432,20261019,1
433,20260101,1
433,20260217,1
433,20260218,1
433,20260219,1
433,20260407,1
433,20260701,1
433,20261001,1
434,20260101,1
434,20260218,1
434,20260219,1
434,20260406,1
434,20260525,1
434,20260701,1
434,20261001,1
434,20261019,1
435,20260101,1
435,20260218,1
435,20260219,1
435,20260701,1
435,20261001,1
436,20260101,1
436,20260217,1
436,20260219,1
436,20260406,1
436,20260407,1
436,20260525,1
436,20261001,1
436,20261019,1
437,20260101,1
437,20260217,1
437,20260219,1
437,20260407,1
437,20261001,1
438,20260101,1
438,20260219,1
438,20260406,1
438,20260525,1
438,20261001,1
438,20261019,1
439,20260101,1
439,20260219,1
439,20261001,1
440,20260217,1
440,20260218,1
440,20260406,1
440,20260407,1
440,20260525,1
440,20260701,1
440,20261019,1
441,20260217,1
441,20260218,1
441,20260407,1
441,20260701,1
442,20260218,1
442,20260406,1
442,20260525,1
442,20260701,1
442,20261019,1
443,20260218,1
443,20260701,1
444,20260217,1
444,20260406,1
444,20260407,1
444,20260525,1
444,20261019,1
445,20260217,1
445,20260407,1
446,20260406,1
446,20260525,1
446,20261019,1
448,20260101,1
448,20260217,1
448,20260218,1
448,20260219,1
448,20260403,1
448,20260404,1
448,20260406,1
448,20260407,1
448,20260501,1
448,20260525,1
448,20260619,1
448,20260701,1
448,20260926,1
448,20261001,1
448,20261019,1
448,20261225,1
448,20261226,1
449,20260101,1
449,20260217,1
449,20260218,1
449,20260219,1
449,20260403,1
449,20260404,1
449,20260407,1
449,20260501,1
449,20260619,1
449,20260701,1
449,20260926,1
449,20261001,1
449,20261225,1
449,20261226,1
450,20260101,1
450,20260218,1
450,20260219,1
450,20260403,1
450,20260404,1
450,20260406,1
450,20260501,1
450,20260525,1
450,20260619,1
450,20260701,1
450,20260926,1
450,20261001,1
450,20261019,1
450,20261225,1
450,20261226,1
451,20260101,1
451,20260218,1
451,20260219,1
451,20260403,1
451,20260404,1
451,20260501,1
451,20260619,1
451,20260701,1
451,20260926,1
451,20261001,1
451,20261225,1
451,20261226,1
452,20260101,1
452,20260217,1
452,20260219,1
452,20260403,1
452,20260404,1
452,20260406,1
452,20260407,1
452,20260501,1
452,20260525,1
452,20260619,1
452,20260926,1
452,20261001,1
452,20261019,1
452,20261225,1
452,20261226,1
453,20260101,1
453,20260217,1
453,20260219,1
453,20260403,1
453,20260404,1
453,20260407,1
453,20260501,1
453,20260619,1
453,20260926,1
453,20261001,1
453,20261225,1
453,20261226,1
454,20260101,1
454,20260219,1
454,20260403,1
454,20260404,1
454,20260406,1
454,20260501,1
454,20260525,1
454,20260619,1
454,20260926,1
454,20261001,1
454,20261019,1
454,20261225,1
454,20261226,1
455,20260101,1
455,20260219,1
455,20260403,1
455,20260404,1
455,20260501,1
455,20260619,1
455,20260926,1
455,20261001,1
455,20261225,1
455,20261226,1
456,20260217,1
456,20260218,1
456,20260403,1
456,20260404,1
456,20260406,1
456,20260407,1
456,20260501,1
456,20260525,1
456,20260619,1
456,20260701,1
456,20260926,1
456,20261019,1
456,20261225,1
456,20261226,1
457,20260217,1
457,20260218,1
457,20260403,1
457,20260404,1
457,20260407,1
457,20260501,1
457,20260619,1
457,20260701,1
457,20260926,1
457,20261225,1
457,20261226,1
458,20260218,1
458,20260403,1
458,20260404,1
458,20260406,1
458,20260501,1
458,20260525,1
458,20260619,1
458,20260701,1
458,20260926,1
458,20261019,1
458,20261225,1
458,20261226,1
459,20260218,1
459,20260403,1
459,20260404,1
459,20260501,1
459,20260619,1
459,20260701,1
459,20260926,1
459,20261225,1
459,20261226,1
460,20260217,1
460,20260403,1
460,20260404,1
460,20260406,1
460,20260407,1
460,20260501,1
460,20260525,1
460,20260619,1
460,20260926,1
460,20261019,1
460,20261225,1
460,20261226,1
461,20260217,1
461,20260403,1
461,20260404,1
461,20260407,1
461,20260501,1
461,20260619,1
461,20260926,1
461,20261225,1
461,20261226,1
462,20260403,1
462,20260404,1
462,20260406,1
462,20260501,1
462,20260525,1
462,20260619,1
462,20260926,1
462,20261019,1
462,20261225,1
462,20261226,1
463,20260403,1
463,20260404,1
463,20260501,1
463,20260619,1
463,20260926,1
463,20261225,1
463,20261226,1
464,20260101,1
464,20260217,1
464,20260218,1
464,20260219,1
464,20260404,1
464,20260406,1
464,20260407,1
464,20260525,1
464,20260701,1
464,20260926,1
464,20261001,1
464,20261019,1
464,20261226,1
465,20260101,1
465,20260217,1
465,20260218,1
465,20260219,1
465,20260404,1
465,20260407,1
465,20260701,1
465,20260926,1
465,20261001,1
465,20261226,1
466,20260101,1
466,20260218,1
466,20260219,1
466,20260404,1
466,20260406,1
466,20260525,1
466,20260701,1
466,20260926,1
466,20261001,1
466,20261019,1
466,20261226,1
467,20260101,1
467,20260218,1
467,20260219,1
467,20260404,1
467,20260701,1
467,20260926,1
467,20261001,1
467,20261226,1
468,20260101,1
468,20260217,1
468,20260219,1
468,20260404,1
468,20260406,1
468,20260407,1
468,20260525,1
468,20260926,1
468,20261001,1
468,20261019,1
468,20261226,1
469,20260101,1
469,20260217,1
469,20260219,1
469,20260404,1
469,20260407,1
469,20260926,1
469,20261001,1
469,20261226,1
470,20260101,1
470,20260219,1
470,20260404,1
470,20260406,1
470,20260525,1
470,20260926,1
470,20261001,1
470,20261019,1
470,20261226,1
471,20260101,1
471,20260219,1
471,20260404,1
471,20260926,1
471,20261001,1
471,20261226,1
472,20260217,1
472,20260218,1
472,20260404,1
472,20260406,1
472,20260407,1
472,20260525,1
472,20260701,1
472,20260926,1
472,20261019,1
472,20261226,1
473,20260217,1
473,20260218,1
473,20260404,1
473,20260407,1
473,20260701,1
473,20260926,1
473,20261226,1
474,20260218,1
474,20260404,1
474,20260406,1
474,20260525,1
474,20260701,1
474,20260926,1
474,20261019,1
474,20261226,1
475,20260218,1
475,20260404,1
475,20260701,1
475,20260926,1
475,20261226,1
476,20260217,1
476,20260404,1
476,20260406,1
476,20260407,1
476,20260525,1
476,20260926,1
476,20261019,1
476,20261226,1
477,20260217,1
477,20260404,1
477,20260407,1
477,20260926,1
477,20261226,1
478,20260404,1
478,20260406,1
478,20260525,1
478,20260926,1
478,20261019,1
478,20261226,1
479,20260404,1
479,20260926,1
479,20261226,1
480,20260101,1
480,20260217,1
480,20260218,1
480,20260219,1
480,20260403,1
480,20260406,1
480,20260407,1
480,20260501,1
480,20260525,1
480,20260619,1
480,20260701,1
480,20261001,1
480,20261019,1
480,20261225,1
481,20260101,1
481,20260217,1
481,20260218,1
481,20260219,1
481,20260403,1
481,20260407,1
481,20260501,1
481,20260619,1
481,20260701,1
481,20261001,1
481,20261225,1
482,20260101,1
482,20260218,1
482,20260219,1
482,20260403,1
482,20260406,1
482,20260501,1
482,20260525,1
482,20260619,1
482,20260701,1
482,20261001,1
482,20261019,1
482,20261225,1
483,20260101,1
483,20260218,1
483,20260219,1
483,20260403,1
483,20260501,1
483,20260619,1
483,20260701,1
483,20261001,1
483,20261225,1
484,20260101,1
484,20260217,1
484,20260219,1
484,20260403,1
484,20260406,1
484,20260407,1
484,20260501,1
484,20260525,1
484,20260619,1
484,20261001,1
484,20261019,1
484,20261225,1
485,20260101,1
485,20260217,1
485,20260219,1
485,20260403,1
485,20260407,1
485,20260501,1
485,20260619,1
485,20261001,1
485,20261225,1
486,20260101,1
486,20260219,1
486,20260403,1
486,20260406,1
486,20260501,1
486,20260525,1
486,20260619,1
486,20261001,1
486,20261019,1
486,20261225,1
487,20260101,1
487,20260219,1
487,20260403,1
487,20260501,1
487,20260619,1
487,20261001,1
487,20261225,1
488,20260217,1
488,20260218,1
488,20260403,1
488,20260406,1
488,20260407,1
488,20260501,1
488,20260525,1
488,20260619,1
488,20260701,1
488,20261019,1
488,20261225,1
489,20260217,1
489,20260218,1
489,20260403,1
489,20260407,1
489,20260501,1
489,20260619,1
489,20260701,1
489,20261225,1
490,20260218,1
490,20260403,1
490,20260406,1
490,20260501,1
490,20260525,1
490,20260619,1
490,20260701,1
490,20261019,1
490,20261225,1
491,20260218,1
491,20260403,1
491,20260501,1
491,20260619,1
491,20260701,1
491,20261225,1
492,20260217,1
492,20260403,1
492,20260406,1
492,20260407,1
492,20260501,1
492,20260525,1
492,20260619,1
492,20261019,1
492,20261225,1
493,20260217,1
493,20260403,1
493,20260407,1
493,20260501,1
493,20260619,1
493,20261225,1
494,20260403,1
494,20260406,1
494,20260501,1
494,20260525,1
494,20260619,1
494,20261019,1
494,20261225,1
495,20260403,1
495,20260501,1
495,20260619,1
495,20261225,1
496,20260101,1
496,20260217,1
496,20260218,1
496,20260219,1
496,20260406,1
496,20260407,1
496,20260525,1
496,20260701,1
496,20261001,1
496,20261019,1
497,20260101,1
497,20260217,1
497,20260218,1
497,20260219,1
497,20260407,1
497,20260701,1
497,20261001,1
498,20260101,1
498,20260218,1
498,20260219,1
498,20260406,1
498,20260525,1
498,20260701,1
498,20261001,1
498,20261019,1
499,20260101,1
499,20260218,1
499,20260219,1
499,20260701,1
499,20261001,1
500,20260101,1
500,20260217,1
500,20260219,1
500,20260406,1
500,20260407,1
500,20260525,1
500,20261001,1
500,20261019,1
501,20260101,1
501,20260217,1
501,20260219,1
501,20260407,1
501,20261001,1
502,20260101,1
502,20260219,1
502,20260406,1
502,20260525,1
502,20261001,1
502,20261019,1
503,20260101,1
503,20260219,1
503,20261001,1
504,20260217,1
504,20260218,1
504,20260406,1
504,20260407,1
504,20260525,1
504,20260701,1
504,20261019,1
505,20260217,1
505,20260218,1
505,20260407,1
505,20260701,1
506,20260218,1
506,20260406,1
506,20260525,1
506,20260701,1
506,20261019,1
507,20260218,1
507,20260701,1
508,20260217,1
508,20260406,1
508,20260407,1
508,20260525,1
508,20261019,1
509,20260217,1
509,20260407,1
510,20260406,1
510,20260525,1
510,20261019,1
